0 0 0 0 0 0 0 0 0 0 0 0 0 0 0 0 0 0 0 0 0 0 0 0 0 0 0 0 0 0 0 0 0 0 0 0 0 0
0 0 10 0 38 0 0 0 0 0 49 0 0 0 0 0 0 0 0 0 0 0 7 33 45 0 26 0 0 71 0 41 0 59 0 0 33 0
21 65 13 13 1 0 37 3 0 9 0 0 0 0 0 0 33 6 76 0 0 0 0 0 0 35 0 0 0 0 0 0 0 0 0 0 0 0
69 11 1 25 0 4 52 12 0 0 0 18 0 0 0 15 0 0 0 35 0 0 45 8 0 0 4 0 0 0 0 0 0 0 56 0 0 35
0 0 0 0 0 0 0 0 0 0 0 0 0 0 0 0 0 0 0 0 0 0 0 0 0 0 0 0 0 0 0 0 0 0 0 0 0 0
65 28 0 0 66 29 36 38 0 0 0 43 0 0 0 20 30 53 0 22 0 93 15 0 0 0 0 0 0 100 24 18 0 39 11 0 0 0
0 46 0 0 70 0 24 47 0 0 0 0 0 0 0 0 0 11 0 56 0 79 11 45 56 0 0 0 0 13 28 20 34 79 84 0 51 70
37 58 0 0 0 0 0 0 0 0 0 0 0 0 0 0 0 35 57 0 89 0 0 0 0 0 0 32 0 0 0 0 25 0 0 0 34 0
57 61 0 15 0 0 60 20 0 0 11 0 73 41 0 11 0 13 36 27 0 0 15 0 0 0 0 37 0 0 0 0 0 0 0 0 0 0
70 87 18 0 11 0 62 74 0 18 0 0 0 0 0 0 56 20 0 28 0 63 38 0 44 85 34 0 0 0 0 76 20 37 100 0 0 0
60 72 0 0 19 36 64 0 0 18 39 0 90 0 0 0 0 0 0 0 0 41 0 0 27 0 62 0 0 0 0 0 79 32 78 0 0 0
87 67 0 0 73 0 64 32 0 0 0 27 0 46 0 14 0 38 0 17 0 57 7 0 0 0 0 0 0 7 0 0 45 15 66 0 0 0
64 51 0 0 0 0 71 61 0 0 0 0 0 0 0 30 0 0 34 43 0 0 0 0 0 0 0 0 0 0 0 0 0 28 65 52 0 0
46 68 0 0 0 0 63 44 0 54 18 0 0 15 0 0 0 0 37 0 0 0 0 0 0 49 0 47 0 0 0 10 26 0 18 76 0 0
21 6 0 0 0 0 49 17 0 0 0 23 14 30 0 0 0 0 37 0 0 0 0 0 0 0 0 27 0 0 0 0 0 12 74 53 0 0
50 78 5 0 0 0 73 38 0 0 0 35 65 51 0 17 24 37 0 0 0 0 0 0 0 0 0 0 0 0 0 44 67 0 75 48 36 30
0 0 0 0 0 0 0 0 0 0 0 0 0 0 0 0 0 0 0 0 0 0 0 0 0 0 0 0 0 0 0 0 0 0 0 0 0 0
23 69 40 55 0 0 41 69 0 34 0 0 67 0 0 0 0 54 65 18 92 35 0 0 0 0 23 41 0 0 0 0 51 24 0 18 0 0
21 77 60 0 50 0 27 0 0 0 0 0 77 0 0 0 0 0 57 0 86 0 0 0 0 0 0 0 0 0 0 0 0 0 0 0 0 0
0 0 0 0 0 0 0 0 0 0 0 0 0 0 0 0 0 0 0 0 0 0 0 0 0 0 0 0 0 0 0 0 0 0 0 0 0 0
61 56 77 23 0 34 39 21 0 99 0 0 93 0 0 43 0 17 54 81 0 0 0 0 0 0 0 0 0 0 24 48 70 56 100 25 0 14
0 0 0 0 0 0 0 0 0 0 0 0 0 0 0 0 0 0 0 0 0 0 0 0 0 0 0 0 0 0 0 0 0 0 0 0 0 0
0 0 0 0 0 0 0 0 0 0 0 0 0 0 0 0 0 0 0 0 0 0 0 0 0 0 0 0 0 0 0 0 0 0 0 0 0 0
75 79 0 45 36 0 71 80 23 36 0 34 54 0 0 40 0 80 27 0 0 63 31 100 0 0 70 0 0 0 40 18 46 0 5 0 0 0
79 62 0 0 0 0 55 9 16 46 0 0 99 47 0 0 36 14 75 0 0 0 74 0 0 0 0 0 0 0 0 0 56 0 0 43 0 0
0 0 0 0 0 0 57 0 0 35 0 0 0 0 0 0 0 24 53 0 0 0 0 0 0 0 0 27 0 0 20 0 42 0 0 0 0 0
65 0 0 0 0 0 0 29 76 33 0 0 0 55 0 0 0 70 0 0 0 0 34 0 0 63 0 0 0 0 53 17 48 0 0 0 0 0
0 0 0 0 0 0 39 26 0 54 0 0 0 0 0 0 0 35 46 0 0 0 0 0 0 0 0 0 0 0 68 76 47 0 0 0 0 56
95 64 4 87 0 0 100 54 40 48 3 33 26 48 0 0 0 44 29 0 0 18 0 56 0 0 91 0 0 0 21 0 30 0 38 0 54 65
0 0 0 0 0 0 0 0 0 0 0 50 0 0 0 0 0 0 0 0 0 0 0 0 0 0 0 0 0 0 0 0 0 0 0 0 0 0
35 0 0 0 0 0 0 0 0 0 0 35 0 35 0 0 0 0 0 0 0 0 0 0 0 0 0 0 0 0 0 0 0 0 0 0 0 0
0 35 0 0 0 0 0 0 0 0 0 35 35 0 0 0 0 0 0 0 0 0 0 0 0 0 0 0 0 0 0 0 0 0 0 0 0 0
52 35 0 0 35 36 60 32 0 0 0 60 65 81 0 0 0 0 58 0 0 0 0 0 0 0 0 0 0 0 0 0 0 0 88 63 0 56
86 0 0 0 0 0 59 84 75 74 0 0 0 85 0 0 0 75 0 0 0 0 0 0 0 75 0 0 0 0 0 0 76 0 63 0 0 0
95 52 0 52 0 0 75 52 0 0 0 0 66 61 0 0 0 80 0 0 0 0 0 0 0 75 0 0 0 0 0 0 55 0 93 68 0 0
78 0 35 67 0 43 73 62 0 0 0 79 0 0 0 0 0 0 0 0 0 0 0 41 0 41 0 0 0 0 0 0 0 0 78 0 67 0
83 79 20 77 0 80 98 76 27 0 0 70 78 69 0 0 0 0 63 51 0 0 0 0 0 0 0 0 0 0 0 0 53 35 75 46 16 28